           Test   Function no.      Dimesnion    Problem no.                   C code              Matlab Code                    Error
              1              4             20             11       8.670000000000e+02       8.670000000000e+02       0.000000000000e+00
              2              4             30             12       1.412000000000e+03       1.412000000000e+03       0.000000000000e+00
              3              1             20              2       1.350764201176e+03       1.350764201176e+03       4.547473508865e-13
              4              4             10             10       5.220000000000e+02       5.220000000000e+02       0.000000000000e+00
              5              3             30              9       3.866692364806e+04       3.866692364806e+04       0.000000000000e+00
              6              6             30             18       9.871617372006e+02       9.871617372006e+02       0.000000000000e+00
              7              2             20              5       8.493064038655e+03       8.493064038655e+03       0.000000000000e+00
              8              2             30              6       2.732793823521e+04       2.732793823521e+04       3.637978807092e-12
              9              2             20              5       9.596900617800e+03       9.596900617800e+03       0.000000000000e+00
             10              1             20              2       1.150532670093e+03       1.150532670093e+03       2.273736754432e-13
             11              4             20             11       5.820000000000e+02       5.820000000000e+02       0.000000000000e+00
             12              3             30              9       3.118439219661e+04       3.118439219661e+04       3.637978807092e-12
             13              7             20             20       3.203702772070e+03       3.203702772070e+03       4.547473508865e-13
             14              8             20             23       2.636272617832e+02       2.636272617832e+02       0.000000000000e+00
             15              4             10             10       5.930000000000e+02       5.930000000000e+02       0.000000000000e+00
             16              7             20             20       2.439907353740e+03       2.439907353740e+03       0.000000000000e+00
             17              6             20             17       5.873797074335e+02       5.873797074335e+02       0.000000000000e+00
             18              4             30             12       1.319000000000e+03       1.319000000000e+03       0.000000000000e+00
             19              3             20              8       9.252571286997e+03       9.252571286997e+03       0.000000000000e+00
             20              6             20             17       7.352101165928e+02       7.352101165928e+02       0.000000000000e+00
             21              8             30             24       4.425803085220e+02       4.425803085220e+02       5.684341886081e-14
             22              7             10             19       3.145810241194e+03       3.145810241194e+03       4.547473508865e-13
             23              1             30              3       1.292498263002e+03       1.292498263002e+03       2.273736754432e-13
             24              7             20             20       4.353087924091e+03       4.353087924091e+03       1.818989403546e-12
             25              2             10              4       1.079881507519e+03       1.079881507519e+03       2.273736754432e-13
             26              7             20             20       3.181673994663e+03       3.181673994663e+03       4.547473508865e-13
             27              7             30             21       1.670144356485e+04       1.670144356485e+04       7.275957614183e-12
             28              3             20              8       1.287309953354e+04       1.287309953354e+04       1.818989403546e-12
             29              2             30              6       2.278855798735e+04       2.278855798735e+04       0.000000000000e+00
             30              5             30             15       2.108176113990e+01       2.108176113990e+01       0.000000000000e+00
             31              7             20             20       3.146582763502e+03       3.146582763502e+03       0.000000000000e+00
             32              8             10             22       1.507027207271e+02       1.507027207271e+02       0.000000000000e+00
             33              3             30              9       2.847298624037e+04       2.847298624037e+04       3.637978807092e-12
             34              2             10              4       2.228624644301e+03       2.228624644301e+03       0.000000000000e+00
             35              2             10              4       1.248357427085e+03       1.248357427085e+03       2.273736754432e-13
             36              4             20             11       1.082000000000e+03       1.082000000000e+03       0.000000000000e+00
             37              2             20              5       1.190919994846e+04       1.190919994846e+04       3.637978807092e-12
             38              1             10              1       4.659055040620e+02       4.659055040620e+02       0.000000000000e+00
             39              8             30             24       4.047135200897e+02       4.047135200897e+02       5.684341886081e-14
             40              7             20             20       3.492300632971e+03       3.492300632971e+03       1.364242052659e-12
             41              5             30             15       2.136567766179e+01       2.136567766179e+01       3.552713678801e-15
             42              3             30              9       2.835547649752e+04       2.835547649752e+04       3.637978807092e-12
             43              3             30              9       3.943911839466e+04       3.943911839466e+04       0.000000000000e+00
             44              5             30             15       2.087407488564e+01       2.087407488564e+01       0.000000000000e+00
             45              5             20             14       2.121667817803e+01       2.121667817803e+01       3.552713678801e-15
             46              2             10              4       2.132205086143e+03       2.132205086143e+03       0.000000000000e+00
             47              2             30              6       2.014503634775e+04       2.014503634775e+04       3.637978807092e-12
             48              1             10              1       4.918702179133e+02       4.918702179133e+02       0.000000000000e+00
             49              1             30              3       1.212085859285e+03       1.212085859285e+03       4.547473508865e-13
             50              1             30              3       1.463068308015e+03       1.463068308015e+03       6.821210263297e-13
             51              4             20             11       1.181000000000e+03       1.181000000000e+03       0.000000000000e+00
             52              3             30              9       3.451610541742e+04       3.451610541742e+04       0.000000000000e+00
             53              3             30              9       2.389543986509e+04       2.389543986509e+04       0.000000000000e+00
             54              8             20             23       2.292452214840e+02       2.292452214840e+02       0.000000000000e+00
             55              6             30             18       9.339847984136e+02       9.339847984136e+02       0.000000000000e+00
             56              3             10              7       5.928867318857e+03       5.928867318857e+03       0.000000000000e+00
             57              2             10              4       2.042056065688e+03       2.042056065688e+03       4.547473508865e-13
             58              6             10             16       2.711499513150e+02       2.711499513150e+02       5.684341886081e-14
             59              2             30              6       2.292904980364e+04       2.292904980364e+04       3.637978807092e-12
             60              5             20             14       2.142804142602e+01       2.142804142602e+01       3.552713678801e-15
             61              5             30             15       2.150213506271e+01       2.150213506271e+01       0.000000000000e+00
             62              1             30              3       1.437007384936e+03       1.437007384936e+03       2.273736754432e-13
             63              5             30             15       2.088838699349e+01       2.088838699349e+01       3.552713678801e-15
             64              6             20             17       5.884126976319e+02       5.884126976319e+02       0.000000000000e+00
             65              4             30             12       1.232000000000e+03       1.232000000000e+03       0.000000000000e+00
             66              3             30              9       2.869238280701e+04       2.869238280701e+04       3.637978807092e-12
             67              4             30             12       1.355000000000e+03       1.355000000000e+03       0.000000000000e+00
             68              6             20             17       5.694361515246e+02       5.694361515246e+02       0.000000000000e+00
             69              2             10              4       1.785427330678e+03       1.785427330678e+03       2.273736754432e-13
             70              2             20              5       6.785730292583e+03       6.785730292583e+03       0.000000000000e+00
             71              1             10              1       7.731559516320e+02       7.731559516320e+02       0.000000000000e+00
             72              4             30             12       1.231000000000e+03       1.231000000000e+03       0.000000000000e+00
             73              3             20              8       1.365139736803e+04       1.365139736803e+04       3.637978807092e-12
             74              4             30             12       1.587000000000e+03       1.587000000000e+03       0.000000000000e+00
             75              3             30              9       3.631887655558e+04       3.631887655558e+04       0.000000000000e+00
             76              5             10             13       2.141024916519e+01       2.141024916519e+01       3.552713678801e-15
             77              7             20             20       3.934673349686e+03       3.934673349686e+03       4.547473508865e-13
             78              7             30             21       2.355907505412e+04       2.355907505412e+04       1.091393642128e-11
             79              6             20             17       7.164151312590e+02       7.164151312590e+02       0.000000000000e+00
             80              8             30             24       5.332269409286e+02       5.332269409286e+02       1.136868377216e-13
             81              3             10              7       4.433950807399e+03       4.433950807399e+03       0.000000000000e+00
             82              3             30              9       3.101749219321e+04       3.101749219321e+04       3.637978807092e-12
             83              7             20             20       4.150675851745e+03       4.150675851745e+03       9.094947017729e-13
             84              4             10             10       5.670000000000e+02       5.670000000000e+02       0.000000000000e+00
             85              6             20             17       6.477337210154e+02       6.477337210154e+02       0.000000000000e+00
             86              3             20              8       9.519182542441e+03       9.519182542441e+03       0.000000000000e+00
             87              3             30              9       2.989753307017e+04       2.989753307017e+04       3.637978807092e-12
             88              8             20             23       2.317232769607e+02       2.317232769607e+02       2.842170943040e-14
             89              1             10              1       5.148238626692e+02       5.148238626692e+02       0.000000000000e+00
             90              6             20             17       6.426943647650e+02       6.426943647650e+02       0.000000000000e+00
             91              4             20             11       1.397000000000e+03       1.397000000000e+03       0.000000000000e+00
             92              5             20             14       2.152006160524e+01       2.152006160524e+01       3.552713678801e-15
             93              8             10             22       1.770545702287e+02       1.770545702287e+02       5.684341886081e-14
             94              6             10             16       3.447078695446e+02       3.447078695446e+02       5.684341886081e-14
             95              8             10             22       1.650229052375e+02       1.650229052375e+02       2.842170943040e-14
             96              7             20             20       4.397619235765e+03       4.397619235765e+03       9.094947017729e-13
             97              7             20             20       3.077231392532e+03       3.077231392532e+03       4.547473508865e-13
             98              8             10             22       1.588650566913e+02       1.588650566913e+02       8.526512829121e-14
             99              7             30             21       1.555999452982e+04       1.555999452982e+04       3.637978807092e-12
            100              4             20             11       9.590000000000e+02       9.590000000000e+02       0.000000000000e+00